#
#UniqueKey Range Scan
102,1,100
102,2,10000
102,3,1000000
#
#NoneUuniqueKey Range Scan
103,1,185000
103,2,18500000
103,3,1850000000
#
#Quantification
104,1,185000
104,2,18500000
104,3,1850000000
105,1,185000
105,2,18500000
105,3,1850000000
#
#Aggregation
106,1,185000
106,2,18500000
106,3,1850000000
107,1,185000
107,2,18500000
107,3,1850000000
108,1,185000
108,2,18500000
108,3,1850000000
#
#Join
1012,1,185000,37000
1012,2,18500000,37000
1012,3,1850000000,37000
2012,1,185000,37000
2012,2,18500000,3700000
2012,3,1850000000,370000000
1013,1,37000,185000
1013,2,3700000,18500000
1013,3,370000000,1850000000
2013,1,37000,185000
2013,2,3700000,18500000
2013,3,370000000,1850000000
#
#Join plus Aggr
1014,1,185000,3700000
1014,2,18500000,3700000
1014,3,1850000000,3700000
2014,1,185000,3700000
2014,2,18500000,3700000
2014,3,1850000000,3700000
1015,1,185000,3700000
1015,2,18500000,3700000
1015,3,1850000000,3700000
2015,1,185000,3700000
2015,2,18500000,3700000
2015,3,1850000000,3700000
#
#Spatial Join
1016,1,39400
1016,2,3940000
1016,3,394000000
#
1017,1,39400
1017,2,3940000
1017,3,394000000
1018,1,39400
1018,2,3940000
1018,3,394000000