100,1,600
#NoneUuniqueKey Range Scan
103,1,600
103,2,64800
103,3,6566400
#
#Quantification
#
#Aggregation
108,1,300
108,2,54000
108,3,5184000

109,1,300
109,2,54000
109,3,5184000

119,1,300
119,2,54000
119,3,5184000

111,3,2592000
110,3,2592000

#
#Join plus Aggr
1014,1,600,172800
1014,2,64800,172800
1014,3,6566400,172800
1016,1,172800,600
1016,2,172800,64800
1016,3,172800,6566400
1015,1,600,172800
1015,2,64800,172800
1015,3,6566400,172800
1017,1,172800,600
1017,2,172800,64800
1017,3,172800,6566400

